config_1batch:
  accuracy: 0.6357
  f1_score: 0.6362298130204491
  precision: 0.6459769341408355
  recall: 0.635775660136522
  test_loss: 1.046844060253945
config_3batch:
  accuracy: 0.723
  f1_score: 0.7224857333934438
  precision: 0.7232763215804127
  recall: 0.7235157512941447
  test_loss: 0.8361741892851082
config_5batch:
  accuracy: 0.743
  f1_score: 0.7434904622835129
  precision: 0.7467696773264192
  recall: 0.7438104956247821
  test_loss: 0.7762665177226826
