accuracy: 0.743
f1_score: 0.7434904622835129
precision: 0.7467696773264192
recall: 0.7438104956247821
test_loss: 0.7762665177226826
