accuracy: 0.7541
f1_score: 0.7525647619154106
precision: 0.7555562698570026
recall: 0.7541
test_loss: 0.7406237100719646
