accuracy: 0.6414
f1_score: 0.6413362896253062
precision: 0.647232576700344
recall: 0.6414
test_loss: 1.0137790464291907
