accuracy: 0.6357
f1_score: 0.6362298130204491
precision: 0.6459769341408355
recall: 0.635775660136522
test_loss: 1.046844060253945
