accuracy: 0.7827
f1_score: 0.7802310947872723
precision: 0.7827949527643375
recall: 0.7827
test_loss: 0.6358356046828495
