accuracy: 0.7322
f1_score: 0.7299272211818828
precision: 0.7306324937121801
recall: 0.7322
test_loss: 0.7912782514171236
