accuracy: 0.723
f1_score: 0.7224857333934438
precision: 0.7232763215804127
recall: 0.7235157512941447
test_loss: 0.8361741892851082
